000000b3
00000000
00000000
00000000
00000000
00000000
01003103
00000000
00000000
00000000
00000000
00000000
00210133
00000000
00000000
00000000
00000000
00000000
0a010113
00000000
00000000
00000000
00000000
00000000
00f17113
00000000
00000000
00000000
00000000
00000000
01803183
00000000
00000000
00000000
00000000
00000000
003101b3
00000000
00000000
00000000
00000000
00000000
0ff1c193
00000000
00000000
00000000
00000000
00000000
00010163
00000000
00000000
00000000
00000000
00000000
002181b3
00000000
00000000
00000000
00000000
00000000
fff10113
00000000
00000000
00000000
00000000
00000000
00313023
00000000
00000000
00000000
00000000
00000000
fe210fe3
00000000
00000000
00000000
00000000
00000000
00017113
00000000
00000000
00000000
00000000
00000000
00017193
00000000
00000000
00000000
00000000
00000000
00000005
00000000
00000000
00000000
00000000
00000000
00000000
00000000
00000000
00000000
00000000
00000000
00000000
00000000
00000000
00000000
00000000
00000000
00000000
00000000
00000000
00000000
00000000
00000000
00000000
00000000
00000000
00000000
00000000
00000000
00000000
00000000
00000000
00000000
00000000
00000000
00000000
00000000
