00803083
00000000
00000000
00000000
00c08093
00000000
00000000
00000000
01003103
00000000
00000000
00000000
00208133
00000000
00000000
00000000
00210133
00000000
00000000
00000000
00210133
00000000
00000000
00000000
00210133
00000000
00000000
00000000
00210133
00000000
00000000
00000000
00210133
00000000
00000000
00000000
00210133
00000000
00000000
00000000
00210133
00000000
00000000
00000000
00210133
00000000
00000000
00000000
00210133
00000000
00000000
00000000
00210133
00000000
00000000
00000000
00210133
00000000
00000000
00000000
00210133
00000000
00000000
00000000
00210133
00000000
00000000
00000000
00210133
00000000
00000000
00000000
00210133
00000000
00000000
00000000
00210133
00000000
00000000
00000000
00000000
00000000
00000000
00210133
00000000
00000000
00000000
00000000
00000000
00000000
00210133
00000000
00000000
00000000
00000000
00000000
00000000
00210133
00000000
00000000
00000000
00000000
00000000
00000000
00210133
00000000
00000000
00000000
00000000
00000000
00000000
00203823
00000000
00000000
00000000
00000005
00000000
00000000
00000000
00000000
00000000
00000000
00000000
00000000
00000000
00000000
00000000
00000000
