00803083
00000000
00000000
00000000
00000000
0ff00113
00000000
00000000
00000000
00000000
08400193
00000000
00000000
00000000
00000000
003162b3
00000000
00000000
00000000
00000000
0020f233
00000000
00000000
00000000
00000000
e4404313
00000000
00000000
00000000
00000000
0030f3b3
00000000
00000000
00000000
00000000
02703023
00000000
00000000
00000000
00000000
00603c23
00000000
00000000
00000000
00000000
00503823
00000000
00000000
00000000
00000000
00403423
00000000
00000000
00000000
00000000
00000005
00000000
00000000
00000000
00000000
00000000
00000000
00000000
00000000
00000000
00000000
00000000
00000000
00000000
00000000
00000000
00000000
00000000
00000000
00000000
00000000
00000000
00000000
00000000
00000000
00000000
00000000
00000000
00000000
00000000
00000000
00000000
00000000
00000000
00000000
00000000
00000000
00000000
00000000
00000000
00000000
00000000
00000000
00000000
00000000
00000000
00000000
00000000
00000000
00000000
00000000
00000000
00000000
00000000
00000000
00000000
00000000
00000000
00000000
00000000
00000000
00000000
00000000
00000000
00000000
00000000
00000000
00000000
00000000
00000000
00000000
00000000
00000000
